762.773 3294.46 938.358 -37509 -76405.7 -408462
1482.33 9059.08 6542.1 1344.22 3981.5 4286.67
1482.33 9059.08 6542.1 1563.07 6945.58 5017.61
1482.33 9059.08 6542.1 1623.84 1.5928e+06 1.16893e+06
1482.33 9059.08 6542.1 -850.715 61084.7 23786.1
-850.715 61084.7 23786.1 668.928 25840.9 8534.4
-850.715 61084.7 23786.1 -51940.1 1.32412e+06 492139
-850.715 61084.7 23786.1 255.483 1685.56 1660.84
762.773 3294.46 938.358 1272.65 3003.79 2617.61
762.773 3294.46 938.358 668.928 25840.9 8534.4
762.773 3294.46 938.358 368.746 1530.19 1331.43
368.746 1530.19 1331.43 -198909 -696708 -747333
255.483 1685.56 1660.84 -293208 -326155 -143350
255.483 1685.56 1660.84 368.746 1530.19 1331.43
255.483 1685.56 1660.84 714.135 2435.33 2679.7
368.746 1530.19 1331.43 660.673 1915.79 1823.59
1278.94 -127.896 152.335 31261 -601209 -557117
6625.49 -13984.6 -18653.4 227631 -811851 -990315
1563.07 6945.58 5017.61 2243.04 2410.32 1913.53
1563.07 6945.58 5017.61 1477.13 3751.43 3594.78
1563.07 6945.58 5017.61 668.928 25840.9 8534.4
1204.7 3798.88 5643.6 -144885 422248 1.8745e+06
6625.49 -13984.6 -18653.4 87761.8 -292783 -400508
1272.65 3003.79 2617.61 660.673 1915.79 1823.59
1272.65 3003.79 2617.61 1452.65 2555.97 2246.86
1272.65 3003.79 2617.61 1477.13 3751.43 3594.78
668.928 25840.9 8534.4 -16942.4 642301 67128.6
660.673 1915.79 1823.59 714.135 2435.33 2679.7
660.673 1915.79 1823.59 1278.94 -127.896 152.335
1452.65 2555.97 2246.86 1546.31 3525.55 3392.45
1452.65 2555.97 2246.86 1278.94 -127.896 152.335
1452.65 2555.97 2246.86 6625.49 -13984.6 -18653.4
6625.49 -13984.6 -18653.4 2243.04 2410.32 1913.53
1278.94 -127.896 152.335 1628.42 2374.9 4464.65
1546.31 3525.55 3392.45 1628.42 2374.9 4464.65
1546.31 3525.55 3392.45 2243.04 2410.32 1913.53
1546.31 3525.55 3392.45 1477.13 3751.43 3594.78
1477.13 3751.43 3594.78 1344.22 3981.5 4286.67
1344.22 3981.5 4286.67 714.135 2435.33 2679.7
1344.22 3981.5 4286.67 1204.7 3798.88 5643.6
1204.7 3798.88 5643.6 714.135 2435.33 2679.7
1204.7 3798.88 5643.6 1628.42 2374.9 4464.65
2243.04 2410.32 1913.53 283426 -631308 -370371
1628.42 2374.9 4464.65 133982 -462062 32418.9